Cantidad de ventas por mes: 
     Año  Mes  Cantidad
0   2021    3      9156
1   2021    4      9069
2   2021    5      9038
3   2021    6     10568
4   2021    7     13220
5   2021    8     28654
6   2021    9      3734
7   2021   10     13784
8   2021   11     15086
9   2021   12     11371
10  2022    1      9871
11  2022    2      9893
12  2022    3     13664
13  2022    4     10207
14  2022    5      7319
15  2022    6      9244
16  2022    7     17937
17  2022    8     13728
18  2022    9      4838
19  2022   10      6065
20  2022   11      6624
21  2022   12     13059
22  2023    1      8186
23  2023    2     20148
24  2023    3     11977
Cantidad de ventas por mes vinculadas a un acuerdo:
     Año  Mes  Cantidad
0   2021    3      7824
1   2021    4      8361
2   2021    5      8231
3   2021    6      9704
4   2021    7     12059
5   2021    8     27253
6   2021    9      2774
7   2021   10     13001
8   2021   11     14196
9   2021   12     10419
10  2022    1      9184
11  2022    2      9111
12  2022    3     12618
13  2022    4      9533
14  2022    5      6680
15  2022    6      8731
16  2022    7     16909
17  2022    8     12597
18  2022    9      4332
19  2022   10      5607
20  2022   11      6087
21  2022   12     12407
22  2023    1      7667
23  2023    2     19129
24  2023    3     10531
Cantidad de acuerdos activos por mes:
    Año  Mes  Cantidad
0  2022    9         4
1  2022   12         4
2  2023    1        27
3  2023    2        15
4  2023    3       538
5  2023    4         1
Cantidad de acuerdos activos por mes vinculados a una venta:
    Año  Mes  Cantidad
0  2022    9         2
1  2022   12         4
2  2023    1        23
3  2023    2        14
4  2023    3       400
Liberaciones totales: 8367
Liberaciones totales activas: 1757

